3952 2782
3834 2920
3759 3496
3920 2775
3548 2560
3732 3060
3510 2944
3769 2646
3666 2559
3502 2648
3956 2617
3630 2530
3538 2549
3922 2729
3735 2505
3909 2643
3811 3295
3521 3026
3805 2702
3516 3349
3839 2791
3932 2818
3709 2909
3518 2514
3692 2516
3549 3136
3749 2820
3527 2534
10 10
3566 2937
3553 3073
3976 3456
3845 2814
3729 2941
3905 3142
3846 3036
3897 3432
3900 3478
3511 2660
3711 3380
3925 2754
3820 2513
3685 3274
3695 2719
3840 3020
3741 3179
3942 3331
3984 2994
3972 3092
3507 2704
3987 2544
3753 2737
3526 3481
3535 2874
3928 2721
3918 3256
3501 2841
3556 2873
3620 3094
3849 2834
3802 3370
3656 3417
3543 2635
3896 3464
3843 3037
3810 2568
3612 2785
3837 3457
3817 3098
3746 3117
3625 2608
3965 3019
3607 2566
3777 2663
3750 3053
3655 3273
3739 2596
3504 3316
3894 2894
3631 2788
3870 3458
3880 2898
3615 3147
3605 2932
3768 3208
3950 2957
3775 2832
3927 2641
3669 2982
3989 2714
3589 2954
3782 2816
3844 3079
3969 3140
3855 2981
3751 3006
3939 3135
3919 3423
3806 3397
3672 3258
3824 2565
3801 2697
3505 3177
3606 3410
3697 3061
3808 2621
3980 2856
3696 2852
3554 3219
3924 2970
3747 3027
3681 2527
3908 2717
3675 2703
3743 3383
3687 2619
3779 3439
3587 3469
3763 2924
3532 2620
3582 2665
3854 2995
3994 3353
3522 2978
3803 2823
3812 2640
3911 3364
3781 2801
3530 2507
3979 3329
3756 2923
3707 3322
3949 2899
3964 3361
3646 3499
7200 3601
3678 2581
3807 3430
3961 2919
3913 3330
3541 3260
3903 3170
3983 3122
3937 2755
3985 3039
3899 3429
3943 2589
3832 3201
3971 2669
3893 2862
3826 3348
3853 2736
3569 3204
3580 2986
3563 3413
3858 2705
3963 3468
3935 3240
3734 3119
3754 3326
3814 3056
3724 3011
3524 3022
3953 2724
3797 2800
3618 2542
3921 3254
3659 2911
3736 2529
3705 2771
3658 2882
3818 3228
3586 3470
3515 3159
3766 2969
3872 3452
3762 2718
3610 2649
3809 2501
3898 2561
3838 2645
3748 3446
3531 3171
3957 2682
3567 3433
3671 2830
3788 2595
3644 2636
3640 2583
3912 3289
3720 3412
3887 2658
3546 3214
3703 2519
7202 3602
3592 3333
3857 2835
3892 2813
3934 3346
3916 2738
3990 3381
3628 3059
3602 3384
3790 3010
3744 3197
3593 3399
3828 2974
3529 3126
3765 2910
3599 2796
3528 3275
3993 2976
3509 3186
3525 3156
3906 3475
3557 2672
3862 3426
3714 2536
3944 2839
3868 3427
3568 3093
3519 2836
3757 2632
3815 3448
3941 3015
3877 2967
3506 2906
3642 2590
3767 3120
3700 3701
3713 3442
3673 3188
3933 3065
3780 2545
3977 2781
3594 3241
3653 3113
3564 3035
3676 2509
3871 2988
3689 2951
3726 2694
3716 2547
3700 3702
3847 3336
3691 3447
3694 2934
3917 3034
3503 2993
3609 2930
3799 2532
3745 3352
3674 3018
3513 2615
3879 3307
3835 3213
3572 3067
3770 3215
3836 2693
3902 2779
3613 2890
3657 3483
3512 2922
3647 2577
3649 2656
3833 3148
3773 2795
3973 3467
3825 3395
3706 3042
3701 3183
3986 2580
3517 3376
3570 2815
3725 2604
3611 3046
3798 3486
3774 2741
3885 2871
3772 3133
3682 3217
3645 2918
3991 2627
3577 2553
3542 3090
3595 3313
3718 3172
3638 3385
3796 2602
3632 2504
3684 3085
3581 2612
3520 2971
3604 2794
3787 2855
3940 2895
3823 3013
3619 3400
3583 2708
3889 2817
3643 2787
3867 2761
3955 2772
3968 3206
3641 3137
3700 3700
3999 2766
3997 3047
3562 3342
3778 2904
3663 2552
3547 2535
3884 3181
3852 2526
3597 3318
3551 3225
3654 2992
3571 3482
3829 2870
4000 2603
3737 3406
3869 3359
3536 2637
3588 3434
3789 3185
3533 2676
3821 3088
3901 2853
3590 3238
3708 2975
3662 3490
3995 3312
3831 2931
3841 3280
3738 3100
3976 1989
3998 3269
3967 2833
3514 3111
3722 3292
3677 2861
3508 2964
3966 3222
3598 2849
3910 3445
3890 2927
3842 2825
3929 2935
3591 2634
3699 2683
3830 2860
3550 2584
3926 3389
3856 2914
3859 2689
3555 3404
3740 2655
3760 2875
3733 2523
3634 2667
3888 3267
3637 2758
3693 2938
3704 3009
3978 2652
3728 2945
3792 3057
3623 2865
3603 3402
3523 3212
3660 2574
3915 3451
3608 2587
3988 3489
3776 2826
3652 2863
3700 3391
3914 3409
3863 2687
3804 3226
3579 2854
3951 2762
3891 2752
3958 2897
3596 3324
3975 2511
3923 3084
3560 2905
3907 3282
3686 2555
3851 3031
3876 2609
3784 3408
3874 3203
3948 2616
3866 3062
3670 3390
3664 3202
3600 2733
3864 3251
3959 2727
3930 2767
3758 3043
3544 2770
3665 3052
3719 3003
3755 2508
3945 3066
3752 2518
3540 2756
3627 3055
3559 2611
3970 2502
3650 3311
3723 3473
3850 3310
3667 3236
3616 3487
3539 2631
3904 3480
3565 2598
3537 3288
3895 2748
3576 3394
3996 2952
3848 3041
3680 3029
3573 3287
3601 3233
3800 2867
3931 2722
3946 2696
3584 3299
3827 3341
3786 2699
3629 3223
3785 2633
3771 3462
3727 3358
3881 2692
3947 3131
3575 3298
3865 3192
3651 3366
3873 2961
3710 2947
3791 2607
3626 3082
3938 3320
3633 2768
7198 3600
3730 2506
3585 2828
3992 3375
3574 2539
3622 3224
3561 3050
3639 3063
3954 3000
3861 2591
3635 2879
3793 2698
3668 2610
3731 3356
3822 2700
3860 2563
3761 2695
3661 2903
3962 2884
3794 2850
3819 2866
3721 2997
3982 3054
3690 2996
3712 2613
3688 2594
3960 2819
3648 2776
3534 2803
3698 3338
3764 3407
3875 3264
3715 3314
3974 3232
3614 3145
3816 3191
3883 2940
3783 2806
3617 3078
3545 2812
3636 3279
3578 2579
3795 3076
3878 3160
3981 2810
3717 2744
3558 3245
3552 3343
3621 3339
3886 2807
3683 2586
3813 3014
