8641765986713435131781573432225
8856866795855297766429789455658
2263491725777939496832222537633
5144717486441471598617398953761
5361635889917843374798912762439
9362955135915691464969361546976
3211445883929641499593693876992
2598751541256374322294282492291
2856338674345432198245931365666
8923761912177794629167421168619
1946381668697626843739682179546
6939987625968829338242657564736
2674733715338525725575551142933
4699163392445898123819836243165
8149441887571975296194727621833
547331333952627@457428938439347
5371383435558859796956398648355
3996625555814897478342649723522
9275775986288472468578764769475
7528876777459729925741553484316
1722826193316731962421132846934
2222964858518228421748533768239
7913142635479494195174124915756
4648182887778522668846574674198
1376217955267414211565777472752
3142851736922744339251171267327
6755141537741418658396419248996
2856317275171961582118495183464
5539867996121659456942516111986
5748571713694855951675352339516
6924282845283988822149985822582
